[0.15238714218139648, -0.012089371681213379, 0.18043935298919678, 0.05885303020477295, 0.0246279239654541, 0.04632842540740967, 0.05478012561798096, -0.02024555206298828, 0.04348897933959961, 0.039746642112731934, 0.08624863624572754, 0.04214882850646973, 0.1628504991531372, 0.004415392875671387, 0.13893258571624756, 0.01739513874053955, 0.13326048851013184, 0.05806887149810791]
[0.10092580318450928, 0.10102438926696777, 0.10290992259979248, 0.10260152816772461, 0.10196805000305176, 0.10430395603179932, 0.10343801975250244, 0.10338842868804932, 0.10109245777130127, 0.1017155647277832, 0.10348856449127197, 0.10288405418395996, 0.10242962837219238, 0.1032555103302002, 0.1027902364730835, 0.10248088836669922, 0.10120916366577148, 0.10128951072692871]
[0.200766921043396, 0.20046758651733398, 0.20175182819366455, 0.20178651809692383, 0.20247507095336914, 0.2034839391708374, 0.20221292972564697, 0.2021845579147339, 0.20052850246429443, 0.20058226585388184, 0.20109355449676514, 0.20222210884094238, 0.19974565505981445, 0.20248842239379883, 0.20172250270843506, 0.20171403884887695, 0.20018792152404785, 0.2006547451019287]
[0.30093634128570557, 0.30370450019836426, 0.3054121732711792, 0.3025616407394409, 0.3050985336303711, 0.3046015501022339, 0.3033980131149292, 0.3037726879119873, 0.3034510612487793, 0.3039973974227905, 0.30535459518432617, 0.3040444850921631, 0.30491912364959717, 0.30351054668426514, 0.3052830696105957, 0.30245471000671387, 0.30394864082336426, 0.30235588550567627]
[0.40096187591552734, 0.400571346282959, 0.40253257751464844, 0.40386903285980225, 0.40272045135498047, 0.4016079902648926, 0.40055036544799805, 0.4043835401535034, 0.4036073684692383, 0.40431010723114014, 0.40495049953460693, 0.40513885021209717, 0.40344536304473877, 0.40447449684143066, 0.4043436050415039, 0.4042738676071167, 0.4025704860687256, 0.403009295463562]
[0.5001208782196045, 2.4610345363616943, 0.5018205642700195, 0.6746472120285034, 2.1520886421203613, 1.9645881652832031, 0.5015795230865479, 0.67518150806427, 2.4602794647216797, 0.5040611028671265, 0.5043786764144897, 2.46043598651886, 2.152960419654846, 1.964287519454956, 0.5037753582000732, 0.6750141382217407, 0.5025293827056885, 0.6739393472671509]
[1.9645881652832031, 0.5015795230865479, 0.67518150806427, 2.4602794647216797]
[1.9645881652832031, 0.5015795230865479, 0.67518150806427, 2.4602794647216797]
[1.9645881652832031, 0.5015795230865479, 0.67518150806427, 2.4602794647216797]
[1.9645881652832031, 0.5015795230865479, 0.67518150806427, 2.4602794647216797]
