0 9.56372090452 416.979
0 6.12252498797 413.597
25 40.400088709 562.035
25 9.09550969603 425.195
50 7.81086947639 426.877
50 58.1977393036 561.89
75 10.0159129209 429.736
75 7.97818293149 426.54
100 7.50191596424 427.508
100 11.7988278683 428.831
125 6.77200038439 426.59
125 9.72810416264 427.878
150 6.75327239428 418.538
150 10.3446008098 429.972
175 9.37414302821 425.419
175 8.8537298549 427.625
200 11.2412638523 426.762
200 11.7436836314 428.561
0 10.5372163649 426.775
0 10.1856339554 427.016
25 9.86026313833 477.578
25 12.1423398219 479.317
50 11.4494897545 531.1
50 10.062005177 528.478
75 10.8932175217 583.212
75 8.27816328399 567.076
100 11.3527636145 633.058
100 11.0084619161 635.815
125 17.850782143 637.469
125 15.3173275583 637.118
150 20.2030295623 635.23
150 34.5491599885 743.572
175 10.5745199348 620.182
175 14.67818973 633.05
200 15.8927248719 633.929
200 7.13161002633 611.901
