250 5 - (492.708, 515.495, 1008.858, 82.295, 0.07, 6.236338947104634) - 0.499221867469 0.00230645612827 0.0027704865583
250 10 - (487.954, 514.183, 1004.106, 80.983, 0.05, 11.6661104322065) - 0.496900569969 0.00532427367089 0.00368121571521
250 15 - (472.499, 512.143, 1002.886, 80.497, 0.02, 19.633569744474592) - 0.511635683693 0.00584121164054 0.00670715204606
250 20 - (463.671, 515.362, 1012.116, 82.836, 0.02, 25.294110378542705) - 0.51138043655 0.00711964166531 0.00635651147593
250 25 - (469.56, 513.607, 942.219, 74.804, 0.07, 32.35829071439852) - 0.506874287444 0.0125529408826 0.0136885986075
225 5 - (441.905, 461.96, 915.66, 72.774, 0.0, 7.064240194977541) - 0.446053534344 0.00232915470448 0.00277932124533
225 10 - (434.865, 461.719, 912.454, 75.521, 0.07, 10.54231749235431) - 0.447407975464 0.0072345144867 0.00288616659132
225 15 - (427.716, 464.707, 889.647, 71.838, 0.07, 14.008071717766422) - 0.449507529456 0.00840219435618 0.00661260391439
225 20 - (418.396, 460.314, 879.235, 71.504, 0.07, 19.176140111296345) - 0.446416482305 0.0107509384428 0.0101899897644
225 25 - (408.537, 459.422, 922.385, 78.929, 0.05, 30.4748730219336) - 0.443601973854 0.00860453274569 0.0114852424356
200 5 - (391.25, 410.46, 802.803, 64.67, 0.05, 5.828720880160972) - 0.40056600236 0.00218957660519 0.00224400649354
200 10 - (382.618, 410.22, 802.174, 64.968, 0.05, 12.180795651373861) - 0.398900912327 0.00506745550293 0.00419334742678
200 15 - (372.293, 456.1, 1848.217, 258.161, 0.17, 25.101124478325833) - 0.392895968961 0.00568287498186 0.00710939906086
200 20 - (373.388, 409.592, 764.325, 60.701, 0.07, 18.97824209969298) - 0.38998401762 0.0120208224885 0.00684938129387
200 25 - (363.207, 410.552, 744.772, 58.352, 0.02, 24.711837764766848) - 0.423373961506 0.0115553021817 0.012455256891
175 5 - (342.094, 360.048, 711.295, 58.681, 0.07, 6.863258424040915) - 0.348828549101 0.00197095383203 0.00278933284423
175 10 - (334.061, 358.312, 708.844, 59.093, 0.07, 11.822553806415135) - 0.349885107344 0.00421962227574 0.00619116482268
175 15 - (322.35, 360.231, 704.265, 57.538, 0.02, 19.41336652087798) - 0.338000965035 0.00582274177022 0.0064531972288
175 20 - (319.672, 363.084, 665.202, 50.892, 0.0, 21.67664195017191) - 0.343826950932 0.0137906114467 0.00853611559958
175 25 - (314.451, 360.007, 670.153, 57.251, 0.1, 26.190252759689226) - 0.361485303141 0.0106390799157 0.0114939322666
150 5 - (294.494, 308.412, 613.637, 52.409, 0.12, 4.828887882635735) - 0.300031788272 0.00190839557709 0.00311973770508
150 10 - (283.533, 307.55, 604.485, 49.628, 0.05, 11.96649989765126) - 0.301447167853 0.00339537125789 0.0026849821243
150 15 - (277.443, 307.686, 592.92, 47.866, 0.05, 11.895351060619356) - 0.303321974555 0.00739829867034 0.00667981424931
150 20 - (277.196, 309.56, 624.614, 52.757, 0.02, 13.73914080568533) - 0.295470597892 0.00950634571954 0.00712690626185
150 25 - (265.302, 314.948, 633.421, 56.507, 0.05, 27.60256402058493) - 0.301545975319 0.00959833413301 0.0140083334075
125 5 - (241.083, 258.097, 511.804, 42.509, 0.07, 5.931321723577615) - 0.248753797038 0.00230801735903 0.00325999580616
125 10 - (233.961, 257.296, 485.117, 37.331, 0.0, 10.150598086726964) - 0.241800388896 0.00460596566052 0.00481880729945
125 15 - (223.2, 254.224, 497.32, 40.74, 0.02, 11.455085836054476) - 0.247650861469 0.00620478350022 0.00648679655368
125 20 - (216.937, 256.725, 522.932, 48.522, 0.12, 21.245057058973426) - 0.241620033302 0.0105812422703 0.00996623833867
125 25 - (216.933, 260.546, 539.942, 48.484, 0.0, 22.464891732709184) - 0.239388149189 0.0135117838018 0.0158521611201
100 5 - (195.931, 201.762, 207.68, 3.277, 0.05, 3.8086880722562624) - 0.198854014652 0.00252092636517 0.00177026253875
100 10 - (182.563, 205.598, 415.164, 35.055, 0.02, 10.37540988782515) - 0.204737611348 0.00357129299299 0.00424537095514
100 15 - (178.984, 204.612, 411.572, 35.572, 0.05, 13.441118216895916) - 0.208651701648 0.00976879066752 0.00882685458764
100 20 - (167.06, 207.643, 403.343, 36.24, 0.05, 18.987892207115824) - 0.19480386805 0.00827341389847 0.00832550873547
100 25 - (157.289, 208.974, 389.119, 35.074, 0.07, 18.545721145571903) - 0.20299358148 0.0147693172146 0.00820129783787
75 5 - (141.538, 154.781, 304.978, 24.732, 0.02, 4.883450515394977) - 0.146871361862 0.00277100596571 0.00198019914277
75 10 - (130.539, 156.39, 310.901, 27.774, 0.12, 10.792733418248648) - 0.157434842521 0.00493636012195 0.00569759175397
75 15 - (128.022, 154.331, 283.401, 24.824, 0.05, 15.311281419904468) - 0.156908333082 0.0078372335901 0.00709638119456
75 20 - (115.608, 183.477, 1331.254, 193.956, 0.07, 31.507588913580506) - 0.155480761535 0.00986559176073 0.00729635857689
75 25 - (105.301, 150.7, 329.424, 35.322, 0.07, 19.66860614604163) - 0.152130092456 0.0154311667415 0.0108904492078
50 5 - (95.185, 104.3, 210.129, 17.824, 0.05, 4.7485958392241026) - 0.0964935722823 0.00269476878832 0.00184092026969
50 10 - (82.207, 100.798, 203.138, 18.938, 0.1, 9.23726487486698) - 0.0971961222577 0.00434769068419 0.00639895368102
50 15 - (71.798, 103.534, 203.719, 21.067, 0.05, 13.730349350223472) - 0.0961537841049 0.00511612949423 0.00425127045393
50 20 - (65.407, 98.985, 133.135, 15.861, 0.02, 16.274611144441437) - 0.100030210284 0.00921270996687 0.0077880196365
50 25 - (54.519, 102.394, 233.763, 31.383, 0.12, 23.547618383886626) - 0.116898018735 0.0123006639084 0.00977033711701
25 5 - (42.421, 52.298, 105.03, 9.389, 0.02, 4.319196293319514) - 0.0489695991088 0.00204482573679 0.00231617011765
25 10 - (34.991, 51.804, 116.436, 13.004, 0.02, 8.087897159001326) - 0.0432106317401 0.00398768146426 0.00503113694707
25 15 - (28.218, 50.12, 107.359, 13.948, 0.02, 13.617359907699608) - 0.0540888864225 0.00905630333077 0.00572488393379
25 20 - (22.751, 52.356, 119.677, 18.841, 0.1, 18.064670908020638) - 0.0487741855783 0.00646345172384 0.010271643449
250 5 - (491.881, 515.355, 1004.911, 82.874, 0.1, 9.658119744354643) - 0.498518097067 0.00286702625445 0.00215499270086
250 10 - (485.466, 515.674, 1023.177, 86.118, 0.1, 12.438781372352388) - 0.499602712695 0.00600807210286 0.00473620000162
250 15 - (482.331, 512.438, 1003.289, 84.66, 0.12, 13.341320623526887) - 0.505160255689 0.00647460379912 0.00598547468786
250 20 - (462.933, 516.342, 985.278, 77.807, 0.02, 18.067133463418894) - 0.510297938301 0.0092688285307 0.0101061821987
250 25 - (456.469, 515.948, 1047.885, 91.087, 0.07, 25.555664551458786) - 0.510829791046 0.0130022783946 0.0118188048342
225 5 - (442.378, 461.952, 909.049, 73.587, 0.05, 6.8125901504456765) - 0.448852185975 0.0025624826634 0.00193381364888
225 10 - (432.473, 462.229, 893.772, 71.58, 0.05, 13.789780899330777) - 0.451561440053 0.00480645873324 0.00417572188105
225 15 - (424.07, 448.163, 474.611, 12.16, 0.05, 13.251751270597344) - 0.440016202609 0.0069268410478 0.00794245243685
225 20 - (423.284, 462.425, 925.258, 75.652, 0.0, 19.472187605165672) - 0.430639214489 0.0104409956939 0.0102953089177
225 25 - (405.942, 457.426, 895.099, 74.386, 0.05, 22.259662299841125) - 0.440270419813 0.0126312705663 0.00924192886167
200 5 - (392.786, 411.61, 803.642, 65.507, 0.07, 8.748272510309903) - 0.394617507279 0.0013692040117 0.00187512898881
200 10 - (382.009, 410.034, 796.304, 66.806, 0.12, 12.474138847441118) - 0.404311572063 0.00502751222564 0.00572887202492
200 15 - (375.609, 413.694, 819.9, 70.932, 0.12, 18.252462552784404) - 0.399678133791 0.00810055061323 0.00794365397678
200 20 - (370.012, 410.28, 780.76, 64.675, 0.1, 23.621780765418794) - 0.408415459116 0.00867245262372 0.00820493808099
200 25 - (357.008, 411.267, 768.175, 62.197, 0.02, 28.871958632810102) - 0.382802085676 0.0121977099799 0.0134516883593
175 5 - (342.789, 361.143, 712.347, 58.676, 0.07, 6.8138818471652405) - 0.349547941415 0.00221389303216 0.00260036056277
175 10 - (335.857, 359.434, 721.044, 60.241, 0.05, 13.220521796339392) - 0.345168590556 0.00350706145846 0.00614517777416
175 15 - (330.461, 359.243, 706.13, 57.874, 0.05, 12.446062323658126) - 0.342925688069 0.00509996657306 0.00570025729364
175 20 - (321.086, 358.538, 688.53, 57.713, 0.1, 19.473975325669407) - 0.333537129669 0.0146571198433 0.0126499922791
175 25 - (322.533, 362.025, 708.656, 57.901, 0.0, 23.033645982534182) - 0.345019000914 0.0158256776473 0.0150059712733
150 5 - (291.76, 340.802, 1605.218, 208.023, 0.0, 16.69181387738004) - 0.298225579578 0.00214251247687 0.00199635265162
150 10 - (286.171, 343.172, 1610.524, 214.05, 0.05, 15.723229161637839) - 0.306312672469 0.00382097460397 0.0035404542485
150 15 - (273.98, 306.091, 619.985, 52.627, 0.02, 15.782318375650123) - 0.297829133036 0.00722981136595 0.00749838650608
150 20 - (270.467, 310.257, 579.777, 46.824, 0.05, 16.726588781407955) - 0.30080075215 0.00657119564988 0.0104734262696
150 25 - (263.972, 308.627, 641.923, 57.584, 0.02, 22.717464093471825) - 0.298503290314 0.00883645823666 0.0151619347718
125 5 - (242.244, 256.698, 504.393, 40.391, 0.02, 6.232826125311084) - 0.252545977918 0.00246942148468 0.00237201376781
125 10 - (235.338, 256.47, 529.234, 45.533, 0.05, 10.953169520962094) - 0.248033146326 0.0073437096511 0.00389661145936
125 15 - (228.712, 256.479, 477.36, 37.091, 0.0, 12.384901365030768) - 0.242905618143 0.00759029136694 0.00477906734499
125 20 - (217.905, 254.968, 489.033, 42.889, 0.07, 18.86765566319819) - 0.255285572251 0.00862046447824 0.00838202583868
125 25 - (206.312, 252.802, 292.351, 19.427, 0.17, 15.839977616786554) - 0.240065907425 0.0128988351957 0.0118271545492
100 5 - (192.105, 205.674, 413.937, 34.964, 0.07, 5.795327057317719) - 0.202534121819 0.00215690410334 0.00223798546771
100 10 - (186.036, 206.612, 423.249, 35.942, 0.02, 9.879199466210133) - 0.192987091522 0.00558089024946 0.00559699256634
100 15 - (170.854, 204.139, 395.599, 34.096, 0.02, 18.166940795915647) - 0.192509582609 0.00660431751902 0.00967454746945
100 20 - (172.982, 210.266, 391.765, 33.818, 0.05, 21.72331536654003) - 0.208985779122 0.00904182425362 0.0100129772018
100 25 - (160.104, 204.036, 407.063, 39.963, 0.02, 25.164344592496345) - 0.198250351495 0.0122503238911 0.0161722840902
75 5 - (141.508, 154.363, 308.724, 26.908, 0.12, 5.873230320906351) - 0.149862204914 0.00190267334974 0.00255853207559
75 10 - (135.929, 155.25, 313.668, 28.674, 0.15, 9.968520676216158) - 0.148402186353 0.00448809241426 0.00268611344715
75 15 - (127.902, 154.98, 338.937, 32.822, 0.07, 14.36628687938718) - 0.143954020872 0.00832961121322 0.00570301419241
75 20 - (125.344, 159.072, 361.47, 35.451, 0.02, 15.55565466148213) - 0.154056718235 0.0114049515237 0.0097294724952
75 25 - (103.547, 149.262, 288.755, 30.908, 0.02, 21.058990215509397) - 0.146194609645 0.012597361885 0.00953225699481
50 5 - (90.781, 103.247, 207.521, 18.144, 0.07, 5.71025812473594) - 0.0998413081327 0.00219098782607 0.00215263887229
50 10 - (82.039, 102.917, 192.639, 17.426, 0.1, 9.118155490940477) - 0.104264898716 0.00495369529005 0.00468529953307
50 15 - (80.947, 107.447, 203.703, 19.843, 0.05, 12.784284304291232) - 0.106962049749 0.00586416258936 0.00758113002969
50 20 - (66.334, 95.705, 165.805, 18.624, 0.05, 18.80705622105635) - 0.0990702114905 0.010009432216 0.00978898339228
50 25 - (53.901, 98.397, 176.733, 23.523, 0.05, 23.205661695407212) - 0.116003647508 0.0107772565746 0.00988032575399
25 5 - (43.187, 52.281, 105.676, 9.615, 0.05, 4.726821872188512) - 0.05287020483 0.00318809012194 0.00242599674644
25 10 - (33.501, 52.563, 110.329, 12.469, 0.0, 9.583081989407619) - 0.0410013271853 0.00398075223457 0.0047122618845
25 15 - (31.18, 53.229, 91.118, 12.284, 0.07, 10.719396153681366) - 0.0433004601256 0.00729129407819 0.00841214609025
25 20 - (22.606, 54.563, 104.468, 17.677, 0.05, 16.330251051008766) - 0.0522448750804 0.0105270840555 0.0109006424569
250 5 - (493.602, 513.825, 1011.732, 83.068, 0.07, 7.343184398078414) - 0.505667360851 0.00180744676642 0.00285053956685
250 10 - (484.518, 512.566, 1021.697, 81.818, 0.0, 11.022266605724516) - 0.499749432492 0.00465379601354 0.00705511216506
250 15 - (484.898, 520.381, 1022.99, 83.306, 0.05, 14.12830778821194) - 0.493259376577 0.00517008448077 0.00749740750897
250 20 - (468.711, 516.477, 1008.395, 83.543, 0.07, 18.845190799891977) - 0.529244874612 0.00865130333679 0.0120394368942
250 25 - (455.004, 515.452, 1002.641, 83.611, 0.07, 25.843673081749984) - 0.509963964637 0.0142955413664 0.0122045709647
225 5 - (442.103, 462.084, 917.911, 73.103, 0.0, 6.708021819244402) - 0.448432605692 0.00248123548535 0.00203122916233
225 10 - (435.847, 448.893, 464.198, 6.913, 0.02, 6.714600368901458) - 0.446535480678 0.00303854042989 0.00274191003269
225 15 - (427.313, 462.365, 903.283, 72.578, 0.02, 11.79676043203784) - 0.439254737031 0.00543866666375 0.0066822020586
225 20 - (411.011, 451.327, 483.316, 16.924, 0.05, 17.134364963057717) - 0.466615994131 0.00840379889778 0.0120801622834
225 25 - (407.65, 504.533, 1909.745, 250.675, 0.1, 33.724868803697674) - 0.438729686904 0.0117111195548 0.00985631440885
200 5 - (391.65, 412.212, 809.287, 66.285, 0.07, 6.213721228185112) - 0.404439910097 0.00201072088812 0.00274334265809
200 10 - (382.955, 412.372, 803.041, 64.794, 0.05, 9.746792017431678) - 0.40739697875 0.00473339197921 0.00413631766423
200 15 - (381.078, 409.57, 785.789, 64.296, 0.1, 12.033499205501094) - 0.403215522602 0.00987869212547 0.00688016509166
200 20 - (372.672, 411.976, 792.221, 64.975, 0.05, 18.468615605472138) - 0.412428428278 0.0104008300608 0.00863880195257
200 25 - (359.648, 400.435, 447.774, 21.747, 0.07, 18.763334704975463) - 0.397253041823 0.0105775031371 0.0120811709379
175 5 - (341.681, 359.952, 703.392, 57.417, 0.07, 7.111254873613566) - 0.348682026502 0.0019087124579 0.00203170633574
175 10 - (331.366, 350.108, 361.317, 6.979, 0.07, 6.384345739202411) - 0.348380870523 0.00427494523686 0.00600868753346
175 15 - (323.262, 360.711, 707.514, 58.728, 0.05, 17.32287719500702) - 0.361938385557 0.00796904624593 0.00710921645607
175 20 - (321.312, 364.521, 721.089, 62.189, 0.1, 18.517663835586653) - 0.354422149661 0.00915396234508 0.00712284265074
175 25 - (311.666, 358.738, 673.614, 55.299, 0.02, 24.401458118034068) - 0.343878979504 0.0107570313127 0.0136548418684
150 5 - (293.209, 307.347, 610.414, 50.643, 0.07, 5.822799457686607) - 0.297629926561 0.00289413611928 0.00299437514115
150 10 - (285.619, 309.728, 600.178, 48.926, 0.07, 10.405660506417686) - 0.301948960182 0.00488532093608 0.00423974252076
150 15 - (275.722, 306.976, 630.072, 54.645, 0.05, 17.937031975658215) - 0.301048601479 0.0061132072297 0.00607308380205
150 20 - (261.009, 308.654, 590.011, 48.422, 0.02, 25.245891460358532) - 0.291276047326 0.0090963120935 0.0103112026187
150 25 - (272.618, 310.588, 565.882, 46.421, 0.07, 25.28543425581912) - 0.316789355089 0.0084010147193 0.0114418607481
125 5 - (240.501, 256.25, 518.093, 42.761, 0.02, 7.627671726442551) - 0.252722806453 0.00291547879172 0.00285625830904
125 10 - (240.03, 258.86, 485.073, 36.964, 0.0, 8.417065648626718) - 0.247558173023 0.00625742845803 0.00546453690638
125 15 - (223.553, 254.979, 493.602, 39.772, 0.0, 12.62157894880506) - 0.248844222463 0.0101468756237 0.00702421666165
125 20 - (218.767, 256.821, 506.12, 43.34, 0.0, 16.58793669899775) - 0.243497052378 0.0104414917168 0.00654133721174
125 25 - (207.457, 258.686, 538.807, 50.754, 0.0, 26.40772690896288) - 0.261884161131 0.00839117139433 0.010077123065
100 5 - (193.329, 205.133, 404.532, 33.431, 0.07, 5.125052285734309) - 0.200662804891 0.00263753746382 0.00255527038676
100 10 - (185.222, 199.11, 212.924, 8.815, 0.07, 10.832447423999819) - 0.205006811453 0.00596852004832 0.00425973993264
100 15 - (175.378, 208.455, 424.525, 37.582, 0.05, 16.488712609396654) - 0.204731959689 0.00876393321068 0.00552161218663
100 20 - (165.947, 202.302, 396.114, 35.794, 0.02, 22.776318411570053) - 0.206522556081 0.00924395956245 0.00808080354758
100 25 - (161.106, 209.068, 394.4, 35.961, 0.02, 20.82675318011912) - 0.172175353737 0.0112978335091 0.0112167561406
75 5 - (142.859, 184.472, 1316.343, 185.536, 0.02, 17.627147057416302) - 0.147978869014 0.00215754501021 0.00209403126627
75 10 - (135.59, 154.787, 310.255, 27.015, 0.07, 7.346137996409225) - 0.154652384168 0.00560053459643 0.00364597236165
75 15 - (129.264, 187.949, 1290.671, 187.896, 0.1, 19.47187022405713) - 0.155603457195 0.00746354402062 0.00673042175674
75 20 - (128.51, 185.926, 1279.361, 181.447, 0.05, 30.491510104519076) - 0.164516922364 0.00908892539284 0.0101462401975
75 25 - (113.192, 151.765, 333.371, 35.058, 0.05, 20.130612505914034) - 0.165272614235 0.0143335949429 0.0127811390351
50 5 - (91.436, 103.138, 207.406, 17.767, 0.07, 4.724227601402606) - 0.0951675976227 0.00199029436474 0.00240965153032
50 10 - (81.765, 101.989, 207.026, 19.552, 0.05, 7.988319142392881) - 0.102204110894 0.00493495830722 0.00405554741511
50 15 - (79.022, 102.925, 222.576, 23.345, 0.1, 12.501060678902169) - 0.109072488776 0.00470086929731 0.00647113769514
50 20 - (62.929, 107.244, 167.939, 19.88, 0.07, 17.071182741655285) - 0.0908471386569 0.0126309823204 0.00724969156196
50 25 - (64.588, 102.114, 183.871, 23.249, 0.02, 21.151061943901432) - 0.116132038855 0.00885771694042 0.0116156104713
25 5 - (42.89, 51.912, 99.06, 8.865, 0.07, 5.27275962993062) - 0.0486479565145 0.00273019031232 0.00142013222758
25 10 - (31.831, 80.951, 1114.709, 175.166, 0.1, 17.338889177122727) - 0.0528169137774 0.00469632001104 0.0048047597557
25 15 - (24.034, 49.872, 110.492, 16.307, 0.07, 13.251554107071277) - 0.0513923291676 0.00479212618488 0.00845817863466
25 20 - (19.49, 51.235, 94.739, 17.863, 0.07, 19.34471800605498) - 0.0544723922305 0.0106497892201 0.011029495494
250 5 - (491.159, 512.022, 1009.125, 79.708, 0.0, 6.268984716311873) - 0.49378986341 0.00215055106644 0.00179852658536
250 10 - (484.832, 499.115, 518.315, 8.817, 0.15, 10.1630343946224) - 0.499102755237 0.00439917642247 0.00464778730064
250 15 - (476.755, 515.845, 1007.978, 85.429, 0.12, 16.873265385850022) - 0.500690763239 0.00681517842626 0.00754635052014
250 20 - (468.241, 512.324, 986.532, 80.587, 0.07, 23.49810123349195) - 0.484367185461 0.0115786269967 0.00798998389502
250 25 - (458.45, 516.105, 961.19, 78.958, 0.12, 25.760202881786636) - 0.479495455016 0.00949176687513 0.0113906020604
225 5 - (443.352, 462.251, 909.269, 74.583, 0.07, 6.561093840566681) - 0.44965530263 0.00278273716552 0.00272784095105
225 10 - (436.5, 463.377, 895.276, 71.404, 0.05, 9.837919900736702) - 0.45575758695 0.00302640312605 0.00486730047019
225 15 - (424.236, 464.284, 939.998, 80.248, 0.07, 19.9173654567728) - 0.442549739241 0.00503661034254 0.00827771878341
225 20 - (422.862, 464.149, 932.379, 78.132, 0.05, 19.235362675885547) - 0.449908556153 0.00788413249777 0.00837816194462
225 25 - (417.986, 472.536, 912.228, 74.945, 0.05, 22.949218045247374) - 0.467765692777 0.0121987257202 0.0118895340221
200 5 - (393.542, 412.069, 810.511, 67.477, 0.1, 6.313785080925682) - 0.399834906646 0.00229914516075 0.00302271602614
200 10 - (382.268, 399.918, 414.315, 9.112, 0.05, 9.403460380185043) - 0.39700449865 0.00537065006425 0.00553597942472
200 15 - (378.02, 409.721, 804.731, 65.825, 0.05, 13.614171657066276) - 0.38815547443 0.00831704170578 0.00730512296328
200 20 - (370.881, 401.78, 430.327, 17.113, 0.1, 21.823209981703023) - 0.405556064692 0.0102224470176 0.00869065256119
200 25 - (364.5, 401.784, 443.439, 18.751, 0.1, 23.7488256903182) - 0.403932336135 0.0104463067307 0.0104562470495
175 5 - (341.966, 360.271, 705.702, 56.196, 0.02, 6.796206274765402) - 0.352181333942 0.00217357882758 0.00300294989969
175 10 - (332.432, 359.65, 692.954, 53.986, 0.0, 10.839804877458912) - 0.355991413001 0.0055826008026 0.0031196265281
175 15 - (325.367, 400.429, 1713.388, 226.966, 0.07, 21.91933927138313) - 0.35438415855 0.00608176837523 0.00698551568096
175 20 - (319.258, 356.662, 726.885, 62.081, 0.02, 16.52216766752486) - 0.339694705592 0.00775469686657 0.00783649982395
175 25 - (314.446, 358.473, 694.489, 58.642, 0.05, 18.67300886029046) - 0.345859123011 0.0129548493244 0.00851831894213
150 5 - (292.265, 309.533, 609.43, 50.882, 0.1, 7.581802806611786) - 0.298292971056 0.00244311006747 0.00253629907282
150 10 - (284.274, 301.361, 318.996, 7.992, 0.02, 8.056094959118973) - 0.297923252715 0.00250139961526 0.0043261156129
150 15 - (272.914, 306.109, 600.304, 49.658, 0.05, 14.765693959068086) - 0.304408815643 0.00673261565017 0.00920389660705
150 20 - (263.785, 308.852, 649.438, 60.06, 0.1, 22.168630377981973) - 0.292738232457 0.0097052800044 0.00934117491659
150 25 - (265.137, 309.175, 605.965, 52.226, 0.02, 26.328965987465235) - 0.300828099186 0.0154810090433 0.0152002007882
125 5 - (242.867, 257.853, 514.789, 43.577, 0.1, 4.610901692004726) - 0.249888796214 0.00252197217394 0.00187162981201
125 10 - (234.316, 256.582, 504.962, 41.52, 0.05, 8.768742884855106) - 0.247583936156 0.00523418770451 0.00395054808138
125 15 - (231.132, 254.836, 494.017, 41.32, 0.07, 12.522817763953418) - 0.243002298056 0.0056736292429 0.00815496099689
125 20 - (212.619, 258.272, 537.878, 49.279, 0.05, 19.052377249132974) - 0.249011623075 0.0120577226507 0.00996718475416
125 25 - (201.157, 258.628, 491.776, 44.801, 0.05, 30.042438267485778) - 0.242837362692 0.0148572053825 0.0121782647044
100 5 - (193.023, 204.438, 407.95, 33.647, 0.05, 5.060220566822368) - 0.199452416965 0.00234520493291 0.00179585839731
100 10 - (182.833, 205.767, 408.031, 33.811, 0.02, 10.471525077466538) - 0.198126825021 0.00377137846351 0.00434114992358
100 15 - (179.975, 241.053, 1405.648, 199.355, 0.1, 26.00699703362437) - 0.206909392891 0.00619953720098 0.00851195732433
100 20 - (174.693, 204.43, 427.676, 40.108, 0.07, 17.62719602765781) - 0.209446103445 0.00962308953784 0.00826480354658
100 25 - (162.661, 201.866, 379.182, 34.755, 0.1, 22.309151459442674) - 0.186056853245 0.0118948687851 0.0137715221395
75 5 - (142.736, 154.265, 320.025, 27.135, 0.02, 4.49587649343095) - 0.151703075988 0.00186635848871 0.00294846141162
75 10 - (136.503, 157.39, 336.445, 30.76, 0.07, 9.28955535665876) - 0.144705254021 0.00618151737496 0.00485178731692
75 15 - (124.784, 153.371, 297.755, 28.251, 0.1, 15.744166786559106) - 0.147421567443 0.00519284681974 0.00691789707288
75 20 - (111.235, 156.319, 331.11, 33.981, 0.07, 17.614107776510583) - 0.14554595299 0.0115827021708 0.00994500092028
75 25 - (113.518, 146.069, 180.319, 19.585, 0.05, 22.59746888177556) - 0.137565607194 0.00990379383867 0.0122479447777
50 5 - (90.525, 130.45, 1199.307, 176.588, 0.05, 12.547215240600217) - 0.10261552964 0.00203322893824 0.00259137029953
50 10 - (83.953, 103.121, 215.871, 20.805, 0.1, 6.927925380308593) - 0.0985704939006 0.00481292071391 0.0049634529103
50 15 - (72.38, 100.326, 194.566, 19.316, 0.02, 15.01693372424273) - 0.0911852992664 0.00776741873435 0.00573870969088
50 20 - (71.575, 100.979, 130.559, 14.862, 0.07, 15.709791448686904) - 0.0855734124656 0.00996870997385 0.0123524598257
50 25 - (54.113, 101.253, 209.114, 25.611, 0.02, 18.648442104889813) - 0.084993984636 0.00933699375605 0.0103940781682
25 5 - (42.213, 52.455, 107.913, 10.34, 0.15, 4.222680610465082) - 0.0517292514603 0.00275779737492 0.00257540079772
25 10 - (35.561, 49.925, 110.574, 12.232, 0.02, 8.87148411799794) - 0.0512535966084 0.00466539071382 0.00482470862123
25 15 - (23.197, 48.769, 113.069, 15.968, 0.05, 14.020734907717623) - 0.052115798728 0.00611756772622 0.00654917425812
25 20 - (20.268, 54.574, 82.56, 14.975, 0.05, 17.377909935082272) - 0.0526688584738 0.0113867366552 0.0083110936093
250 5 - (495.061, 514.342, 1010.252, 81.601, 0.05, 7.500023305570283) - 0.502797220909 0.00282932015356 0.00231700364943
250 10 - (482.702, 513.48, 1009.327, 81.829, 0.05, 10.499285912352564) - 0.499708911289 0.00601098204485 0.00581480107694
250 15 - (479.396, 516.581, 986.131, 76.831, 0.02, 11.919870553433894) - 0.500897142343 0.00541638029757 0.0077398610364
250 20 - (465.924, 512.767, 999.078, 80.139, 0.02, 14.458441639649775) - 0.498498809753 0.00772587019989 0.00758575795081
250 25 - (458.673, 518.879, 1085.987, 96.363, 0.07, 24.979502521082978) - 0.513661395636 0.00961491522159 0.011981626409
225 5 - (445.934, 464.438, 908.871, 76.295, 0.12, 6.656487275403087) - 0.448926410199 0.00183961742678 0.0014736859123
225 10 - (437.514, 463.242, 921.183, 75.714, 0.05, 12.138075739512697) - 0.449362381691 0.0048827977782 0.00446921907216
225 15 - (421.964, 462.949, 913.85, 76.322, 0.07, 20.535646486438335) - 0.448144992889 0.00971693937176 0.00758829975369
225 20 - (419.778, 462.18, 906.813, 76.465, 0.1, 17.71670468431321) - 0.441322679109 0.00948163887471 0.00964401273217
225 25 - (414.351, 465.592, 921.718, 80.524, 0.12, 25.772515750644846) - 0.442391546459 0.0111284571886 0.0105119723191
200 5 - (391.198, 411.155, 811.823, 66.918, 0.07, 7.0771759442066) - 0.398695509465 0.00336090626967 0.0021472990033
200 10 - (387.885, 411.751, 794.304, 64.32, 0.07, 11.67730518319194) - 0.407506073959 0.00477044560724 0.00443113317842
200 15 - (377.471, 412.1, 801.823, 65.092, 0.05, 17.523903701285615) - 0.398512018638 0.00776457958717 0.0062228823861
200 20 - (369.119, 410.741, 810.603, 67.928, 0.07, 17.419978344709723) - 0.391371650613 0.0113571384739 0.00849704112212
200 25 - (356.839, 410.862, 767.936, 60.187, 0.0, 24.403899177205087) - 0.395043652325 0.0138341686474 0.0124977854509
175 5 - (341.864, 359.542, 705.5, 56.252, 0.02, 6.352581266302628) - 0.348695754605 0.00173601077587 0.0029743941996
175 10 - (334.436, 350.955, 364.697, 6.792, 0.12, 5.336409822012662) - 0.349532744786 0.00399181415486 0.00411641967657
175 15 - (323.867, 359.236, 676.8, 53.639, 0.05, 13.486378827764465) - 0.353654211375 0.00797289572861 0.0079837015245
175 20 - (322.289, 400.765, 1749.573, 233.053, 0.07, 32.68689997151097) - 0.346372138408 0.012172389623 0.00920775570667
175 25 - (315.267, 354.859, 716.998, 60.815, 0.02, 16.10989851963269) - 0.360445264589 0.0117058388823 0.0114980127149
150 5 - (292.205, 308.291, 612.279, 49.464, 0.02, 5.4029206562321335) - 0.298159175118 0.00267025245276 0.00283325667361
150 10 - (282.559, 309.358, 621.754, 51.247, 0.02, 10.328802115209992) - 0.300897156642 0.00273459731999 0.00530452396019
150 15 - (276.234, 297.424, 320.472, 10.994, 0.07, 12.712222313216344) - 0.305606661392 0.00587657514599 0.00675813211112
150 20 - (266.142, 345.681, 1609.423, 220.926, 0.1, 28.663325882960095) - 0.289525365122 0.00811193737413 0.00962333470627
150 25 - (255.87, 303.884, 585.711, 48.667, 0.0, 25.123092014602257) - 0.302050391762 0.0114329661842 0.0116303481615
125 5 - (244.544, 257.996, 512.952, 42.1, 0.05, 5.311008928768404) - 0.25416165841 0.00257983661936 0.00271792657046
125 10 - (233.812, 258.694, 518.125, 43.781, 0.07, 6.57893788462173) - 0.249907829509 0.00405680419007 0.00477327867202
125 15 - (221.371, 257.847, 524.452, 46.91, 0.1, 12.919813768840584) - 0.244422454681 0.0063154516478 0.00800015719763
125 20 - (212.685, 253.116, 492.25, 43.055, 0.07, 15.674479555989814) - 0.251826411175 0.0115990815062 0.00816949443199
125 25 - (203.683, 252.968, 550.763, 54.822, 0.1, 24.893989733846247) - 0.22991342701 0.0105094705213 0.0163394084506
100 5 - (191.778, 205.434, 412.368, 34.258, 0.05, 6.053397917045854) - 0.197035870188 0.0024062996965 0.00217572450015
100 10 - (185.062, 200.558, 218.512, 7.729, 0.15, 6.4320845961763835) - 0.193202688942 0.00488753674495 0.00391575416563
100 15 - (175.595, 239.228, 1404.582, 197.211, 0.07, 21.05885228109452) - 0.189375231524 0.00664571559331 0.00675832804815
100 20 - (167.987, 234.274, 1390.122, 192.932, 0.05, 23.791385417789556) - 0.213882911045 0.00835649592476 0.0089518090097
100 25 - (160.378, 203.776, 420.142, 41.853, 0.07, 22.379205628712178) - 0.20240301812 0.0159597562502 0.00810402791518
75 5 - (140.763, 155.116, 311.554, 25.791, 0.02, 5.108438879137838) - 0.153093223324 0.00252236705508 0.00246914015472
75 10 - (132.289, 183.811, 1307.367, 184.337, 0.02, 15.036526966346024) - 0.1470328366 0.00396155949056 0.0048796047081
75 15 - (123.969, 153.849, 308.837, 28.532, 0.02, 14.872623749346518) - 0.152459680088 0.00930418333634 0.00561129335015
75 20 - (130.627, 154.224, 298.738, 26.308, 0.0, 12.35564516903672) - 0.150834856322 0.00827172283257 0.0093735415004
75 25 - (108.958, 159.786, 335.058, 35.217, 0.05, 22.35006099335345) - 0.154653695985 0.011015657627 0.0144191505819
50 5 - (92.047, 103.602, 211.361, 18.281, 0.05, 5.374280983131302) - 0.0992414721735 0.00220557677165 0.00183540337202
50 10 - (86.401, 102.522, 203.483, 18.702, 0.1, 8.418075921748017) - 0.0978906406358 0.0041157116724 0.00587155946637
50 15 - (77.859, 105.148, 202.856, 19.358, 0.02, 10.819250523636892) - 0.102445305934 0.00675819944261 0.00625705224812
50 20 - (73.554, 103.729, 197.617, 21.901, 0.05, 13.578878808712695) - 0.106300849163 0.0114816536119 0.00994127923682
50 25 - (55.508, 99.388, 184.907, 26.732, 0.05, 22.495126031292116) - 0.110251163117 0.0168239668172 0.00850620446632
25 5 - (40.541, 52.5, 113.532, 11.145, 0.1, 4.416729603377645) - 0.0540367955056 0.00257617277588 0.00265376587472
25 10 - (30.655, 52.145, 96.792, 10.723, 0.12, 7.594695585609226) - 0.0580101836074 0.00465309749188 0.00660931537558
25 15 - (21.914, 47.775, 80.181, 14.455, 0.02, 14.94560976680362) - 0.0477008293999 0.00927218288654 0.00472771125017
25 20 - (24.3, 57.305, 96.845, 16.55, 0.05, 16.88125997555065) - 0.0365238087526 0.0109376707137 0.0096475209106
