0.0 -0.00742118425045
0.09 0.0954496113831
0.0 -0.00867204622435
0.1 0.0887329957135
0.0 -0.00557946440091
0.13 0.0938578019146
0.15 0.170584904134
0.22 0.278756185906
0.34 0.367461782436
0.0 -0.00686389444406
0.07 0.0526004523529
0.0 -0.00693497800091
0.06 0.0616898773822
0.12 0.118944073522
0.18 0.169354809971
0.15 0.203652968037
0.28 0.26027326164
0.0 -0.00529629182517
0.05 0.057254219817
0.1 0.101819210105
0.15 0.174656295224
0.31 0.226449582375
0.26 0.275105813333
0.0 -0.00668593036885
0.05 0.0308841371249
0.08 0.0694112729878
0.11 0.123803660248
0.2 0.161074092101
0.23 0.183310076747
0.0 -0.00505267960843
0.03 0.0334007084392
0.08 0.0664244448751
